Line: 1;331380;936680;401250;588790;735954;703620;853246;765629;761959;970182;247796;306530;
Line: 2;243137;868998;172712;633539;473071;504961;175434;556434;728408;321112;691935;333531;568511;204036;670339;963388;161487;122560;798098;720252;800983;115398;431285;538059;238100;255366;507932;781807;659476;359061;397623;320148;610661;807831;771657;636578;285110;721005;813372;568264;873411;375528;926602;541342;394832;697533;641707;979414;513826;660835;263295;298020;777819;114926;151477;662019;799434;230786;979381;975087;546237;496668;463649;790970;194169;217981;121799;284647;846989;375498;370544;
Line: 3;323424;874344;642575;181200;166097;472555;865793;177511;131928;512479;818638;473102;482360;690891;147864;506534;203588;494401;711049;162753;451921;795608;785082;115384;737447;352394;664028;556504;630397;677885;555017;454487;298890;651780;369175;810327;964197;825169;796134;540716;890237;830343;945270;202237;707679;244786;634591;485139;809876;174193;109050;947500;347783;113244;
Line: 4;530939;194059;414826;437345;197634;842787;948488;461653;555001;260516;557145;545973;589222;206810;227383;467226;711701;898021;873210;435778;533550;296725;295671;439996;522401;571053;821484;281198;363086;883105;642697;429321;239168;933690;176340;961771;375822;611847;138138;883146;436236;771878;277588;461943;343482;388125;853023;361811;507719;118220;734800;289596;374625;439297;812301;530138;575106;508414;646191;288668;548648;538414;151220;515684;
Line: 5;173496;116813;946259;561714;494975;372797;746054;786848;287016;785854;119623;850611;944565;928615;603162;260545;811292;697776;133424;585563;194011;270254;557333;478454;711890;677077;922654;748014;203709;643580;769135;849347;434450;891442;121606;934386;813753;823191;971837;606379;263027;713041;524280;351841;245509;809260;372368;381412;104065;812742;366631;197056;335278;434063;133692;917247;165149;347009;606033;334025;781680;150434;426467;946253;422693;322244;598358;511910;213414;799441;462890;988940;597673;146348;598064;388950;509016;279517;250619;250961;783577;702255;931670;953448;225276;
Line: 6;329656;122082;395692;503209;520020;257847;115935;941710;480089;105629;535878;514562;349726;906919;747321;370686;413581;131912;691969;151833;619173;166073;342545;579278;286491;934174;715933;489819;309485;380803;310919;849914;897527;690545;349948;342509;955833;223290;944217;864984;957816;760545;494519;798568;419490;407176;586436;309719;746284;269632;737783;722165;486009;136524;108681;354650;988232;920322;490144;153901;139922;379973;
Line: 7;664945;420007;433398;493377;871604;591350;586123;176631;208864;227649;947707;798340;795768;654915;881138;453792;462608;372412;432084;530439;749379;906341;414606;315854;833831;941046;187903;486982;906922;167141;744663;537332;651068;
Line: 8;545771;835562;492308;492772;878393;898865;691360;827566;284890;807620;110505;164658;508524;383971;143333;378457;228595;306308;922630;311465;312436;234065;427993;949379;894583;
Line: 9;499272;610024;104498;218380;524514;777811;503357;980313;711805;241279;357737;300413;173273;220303;773388;649542;946463;701678;235880;307568;553409;237024;256521;905408;550946;995364;801754;335608;357157;304203;192140;918492;448307;257585;693086;344573;708239;117350;383600;400756;377904;584695;581701;327797;196565;673141;625447;649542;148172;371148;557146;860672;226516;542861;934941;559003;910982;178865;900741;460790;601073;475304;366403;343122;892355;189382;741091;816110;589056;892000;711888;739441;939296;914145;107059;562792;247744;462689;916714;987654;367510;163363;319225;819335;598131;573903;663350;902198;719775;198805;585839;908656;575101;928563;302194;882989;169721;520927;594294;724762;599763;539485;732744;233431;
Line: 10;565714;214123;325645;346240;604674;763673;679861;755209;811652;252543;159042;100154;577297;505345;611541;832496;922187;328563;
Line: 11;931086;568244;673271;885365;922688;974092;956662;625850;
Line: 12;944140;506015;964404;883632;347112;956065;103300;257785;108719;826089;384439;477356;775287;426623;639190;180537;680448;997325;967615;165206;485339;857320;881647;183241;304281;357267;927368;226525;772527;458413;535213;439724;260443;528070;133750;960636;689330;133231;502620;732791;458135;734449;933306;656900;747394;630646;312555;747914;927044;982173;842640;842609;758080;444225;965054;559022;444556;275632;659806;643488;562061;649082;851183;353653;261553;677983;462667;116561;923302;592459;528612;469730;414702;342404;288371;240155;287861;979020;859766;341228;638099;267955;913069;970806;432874;516916;844157;575012;112192;258576;376024;801823;956120;415592;801555;906080;412847;288731;117262;583299;581562;651392;587644;503512;948455;304207;622882;188304;981253;941945;748781;
Line: 13;697982;711605;897185;235047;
Line: 14;695372;347526;437794;487835;635010;105757;599775;406133;525313;715566;966655;270448;243382;858646;280149;924910;947799;315674;718865;492471;177161;327769;693899;819717;400980;319355;905775;665458;327623;617700;322490;881678;353730;231811;469833;176937;447486;733971;334584;496943;294134;920860;568787;304768;796287;218031;549064;394067;713887;231468;188712;322652;349052;642997;422374;510893;929610;792517;383108;609718;221760;389353;169948;606296;407098;347452;660357;702046;392137;844716;956496;667217;779526;865465;966774;249038;519273;996830;614907;186339;575622;914827;437552;262509;590598;813912;478537;110827;998811;805037;512839;471417;949716;731506;436648;687503;823375;729412;441230;520087;583624;989971;947764;354856;998614;264765;417925;372846;872833;291754;370708;157271;
Line: 15;609803;829838;912953;632887;672587;498086;381880;407618;368905;704899;548711;
Line: 16;505742;101985;643404;160066;212894;487838;964647;345073;983490;626653;467407;671234;473472;989698;280670;202316;344909;687913;347316;529568;252930;483355;707073;969817;744173;364102;775635;438690;555799;242300;408285;306747;678464;488272;574712;726100;674065;244961;713265;923016;119654;376440;577471;488009;682600;291822;635417;559121;718893;351642;933489;286338;626440;407601;389924;285540;778241;348562;340814;638879;706560;925770;721397;975169;208491;508497;328907;468642;695778;177659;379712;327334;317317;899424;843112;803410;641435;533427;606952;346888;596897;420940;606026;341506;636489;467165;523316;306903;305138;578837;656179;324791;365665;943378;824906;848483;259657;239076;689401;384913;258298;647143;131278;996199;488651;995925;553273;
Line: 17;904511;705178;945638;692687;407796;714032;570051;554564;316379;170103;115591;980889;317325;729198;888451;313359;540698;665162;107313;487485;538408;217608;289691;459008;255019;111662;231058;586016;132997;968290;498179;900618;603580;686395;980871;343214;976256;118578;672229;299660;454779;581322;876416;377056;675733;837320;275214;377404;686821;562761;519791;780066;356399;965626;852527;323708;433191;752375;905235;986360;455710;
Line: 18;164751;998210;844586;177192;344612;685976;197823;726925;252431;139914;648951;160956;896565;214984;441107;545784;832829;526206;416253;254042;312224;874901;818094;936354;954064;147300;259643;824234;635368;459921;312011;659163;557015;287132;229638;555598;919925;195489;739025;496362;120390;126732;282970;727744;252702;816711;230351;368585;389341;711066;532736;472730;594240;840142;933360;987461;813031;845389;911502;731862;975676;407447;475829;878533;941515;112097;503980;659688;914511;804465;862470;534373;257365;124125;630946;147413;537170;784176;297883;482633;242392;755876;691012;763034;421247;947109;255069;978811;104882;917721;291919;330432;795321;657681;933653;458504;317718;165067;727968;894715;
Line: 19;100005;776941;908895;442801;358026;885249;546052;112773;501663;641974;644255;442130;512683;881291;999280;205467;278983;841691;195221;500963;709993;870788;951545;645696;382306;203375;446614;913428;553316;674039;365236;831703;844790;212497;283563;205984;390602;709733;548493;392565;463239;436102;330703;699116;242256;438730;430539;851973;964493;444895;694214;332670;600674;650475;454109;152710;135884;278145;641454;205196;492499;848685;532240;604714;923274;720566;277973;802708;119577;317953;341691;644630;725197;385297;906658;617242;319653;877900;550253;419724;936614;322146;978771;280609;312819;556533;200220;134070;520799;995212;971667;263728;824721;939426;995280;919878;612872;999048;152933;216931;102541;776392;
Line: 20;221871;583497;807490;815727;151632;264788;852263;990866;907599;416251;674302;695087;288755;250886;353430;556037;441572;177197;929774;399956;224297;461595;286781;899599;486108;180155;542410;720713;987436;306273;932684;214057;116794;276207;839859;896958;291560;697996;338641;143453;865431;520937;808213;155325;303614;362552;185270;217666;728378;297929;313825;552085;682152;252318;381244;568263;403169;402038;816782;380305;259492;881053;868834;498155;241294;210946;570177;926333;368355;120600;546690;502350;830045;298519;424316;985368;
Line: 21;125529;541516;262035;541310;368492;580006;570883;212930;776731;385254;659282;710205;611977;360059;377673;761513;459981;179441;984625;531438;417324;693161;883279;988311;920476;453374;734779;886292;285855;229235;697573;762107;
Line: 22;647712;322772;538129;431970;530446;295250;218063;363389;980166;647750;759282;571151;906994;391007;406719;983291;974925;796716;477252;224383;591819;642169;890603;302623;762437;575482;253085;892501;973378;988528;113846;162348;681204;391090;329822;878974;830618;964159;995192;532625;338229;232963;713917;764664;239298;640980;119796;147671;309743;625070;677506;863041;243796;788828;330190;344726;888873;546346;694431;109401;913534;961804;
Line: 23;973142;611869;141657;147888;662587;628178;745660;733575;864617;219554;970556;572617;222730;560740;625998;188555;280575;835617;366105;119500;193530;552725;962033;185730;277723;668402;101034;255469;442586;700473;475706;567612;457786;
Line: 24;283484;936622;238301;696820;390886;134495;392456;594088;929626;317414;
Line: 25;897237;782455;440593;339543;979753;585392;883844;257838;304571;220022;392486;691372;491942;494612;723506;771858;391540;116031;975250;721418;826179;535799;170399;228963;505120;113054;956675;120210;788587;374867;287396;381079;521963;769991;644956;736516;648067;606035;474252;657155;548981;331992;400241;764820;765082;678180;914050;134483;288255;493823;625443;845109;828711;528923;495965;314712;910383;291470;286685;365991;858590;473693;877249;608070;805435;681740;238793;287150;853404;422046;572319;254306;205633;294611;756207;222162;692552;618500;981844;833885;198912;868120;894706;247683;322631;930157;599713;147924;777493;600535;334353;130025;485387;428370;660785;870410;990619;679585;979023;585139;868765;136730;717311;
Line: 26;895578;973512;412929;613017;887698;342625;656906;973336;726171;693716;139524;472529;426287;294653;699975;493151;122760;263745;453174;287712;797998;233145;139483;516742;493025;854416;818988;701524;105524;526060;310948;591273;297595;969805;561204;518087;806954;107527;405558;714647;279665;493908;285515;899422;719890;241300;164307;992064;782764;332698;185722;707697;120141;956374;316021;792968;525802;411379;610120;209013;216657;227055;847189;336914;129532;811578;587987;879726;909316;794728;116467;661858;413587;258257;141588;981333;561233;953594;751770;853393;108211;791097;734059;294936;742207;747650;592812;638441;549840;680135;228596;631299;224960;351164;267019;471927;854658;170400;559300;657507;540813;929927;711677;469933;589295;765335;639104;
Line: 27;626421;505528;180217;667869;182772;583754;355147;858761;618229;969935;495538;807157;348864;250108;327003;817373;876273;322639;138234;778958;213012;702825;328145;808788;543978;227629;582642;378448;362909;630482;396038;684002;175587;712460;318582;848167;166934;570591;781253;405947;587862;856685;721687;113946;529537;230744;710992;640842;217704;241917;460223;841944;977742;116898;667410;394277;692326;660775;351268;270285;897905;778563;506136;358053;843617;606999;304157;293844;566850;405651;365367;158778;123347;493983;814088;905665;546549;736761;740944;424244;200850;773998;993758;623550;936465;863657;127785;108601;949822;555370;655940;755322;402716;141715;553076;442343;755874;939883;684887;681284;528183;141094;951604;998115;501490;427665;659444;357385;
Line: 28;298406;858626;588369;910020;561826;115772;367612;197604;153637;220667;635871;255354;610113;162563;879123;593327;582106;249631;783089;568919;805855;586646;178636;754956;256207;570621;131459;100632;595449;411871;893587;774108;896707;738855;626568;415457;164664;199155;726579;621741;898375;926074;330248;932209;241025;100596;556634;780875;339689;401826;545608;736235;794544;505529;885759;353397;111402;760023;586022;722621;384065;
Line: 29;134352;210079;623729;366154;104077;251563;821476;617527;413954;977966;376914;925550;321508;722541;451076;924084;530869;284248;304952;498098;226132;798948;966344;825134;299160;200790;227227;609775;226790;639788;711384;907655;866552;958433;967824;436415;782328;320119;739306;875033;381735;425218;727304;760083;845614;346849;624820;997699;756604;167677;616678;123458;288623;701550;853292;558845;101939;239322;288363;932611;799590;466916;933545;358112;540042;165487;823889;283558;868268;318510;606654;361123;122857;
Line: 30;763110;813006;500276;488443;948016;907767;809071;703338;184690;598652;926591;532623;584948;817123;778725;594928;972633;559444;999159;258213;477088;351907;788849;201176;628619;531192;288673;492945;331859;130337;498632;540925;614914;417915;225521;802923;552263;798312;517642;858950;937616;544316;249910;
Line: 31;439271;399787;955624;221141;605003;959778;562204;429287;696077;108234;977368;159151;420757;569276;789470;816683;506473;407093;491192;858657;296817;791576;309258;952649;384626;632086;824530;710371;595632;670143;796635;174289;618504;613299;565155;267939;136587;287118;985478;204117;654235;679911;971548;181876;826355;755773;860045;393251;493645;115470;480930;903669;297946;
Line: 32;317844;966212;902265;676604;368472;479196;968225;689038;969816;798995;350046;413051;636196;475593;248652;249376;168837;787027;332067;151910;535089;610726;669021;343321;782566;684672;341497;233994;348943;679383;598958;400520;151654;922911;892067;415181;393425;695353;276941;956282;199318;436844;812335;770650;608920;293515;481618;604288;783312;659657;458996;764898;750629;461085;205178;130884;706299;864685;221502;175424;504467;992161;813540;531374;425642;862219;115268;382967;882257;784706;103140;733688;728634;282701;185727;266201;374741;224103;389067;179817;864174;102935;770485;963767;265937;622442;984313;840414;746920;596965;991866;691533;437329;407652;554917;762942;374912;918264;377091;627980;515436;581645;860754;278764;626703;344860;628371;805595;741255;691593;916744;819569;829000;544052;290168;271171;765105;983490;534237;
Line: 33;410835;338351;485904;702900;195378;532138;927355;596489;485280;779295;521367;297145;454725;266691;194034;458874;524728;760761;177093;962792;522178;235903;606559;753201;820739;528434;536982;786063;964738;482226;771334;263100;944496;967066;825422;653690;286934;718886;842663;338915;848846;272157;650168;147326;251871;529088;600309;790394;677988;637712;173272;347108;152291;231482;125597;791828;975781;916715;857293;807227;735147;981042;435816;275050;708716;935938;659092;691438;908223;199491;761698;210657;644555;171763;268437;781362;282295;254405;177739;402877;952661;718619;313719;595497;127378;831159;720116;848441;117020;406707;282025;381815;946540;566832;351978;334879;
Line: 34;850626;225834;871841;495824;440225;360872;578607;543768;535570;253611;209102;803789;737130;698069;128210;137634;872700;226558;289842;569173;734988;194553;283307;971922;280375;508789;778883;840211;576079;813452;504388;264798;172841;343194;688536;804109;523386;923650;614014;840822;163045;550257;633441;340200;218270;604379;314776;881321;511213;372101;899233;115295;784097;815529;274388;315592;375812;109013;587924;124735;244962;993458;253330;568945;448566;720721;627890;507681;853646;757057;775403;708605;780146;789697;161354;590128;347949;833844;
Line: 35;453482;128175;468732;347256;434192;579537;340852;112746;938838;684204;660070;142403;397159;584448;380064;211067;651854;661285;298352;348780;728819;789395;733184;116477;379115;648786;234637;939932;760612;273002;965486;307571;632038;366089;843780;304281;165086;726127;373518;922956;441242;471812;502408;768296;489190;380393;436432;543234;335894;910201;509781;687386;889920;999093;155689;119034;849032;101313;648798;417417;225826;849579;992924;770482;714887;406663;409404;204739;782906;801302;540722;608513;949222;326939;421675;657620;
Line: 36;518637;186077;453394;528696;913457;670848;
Line: 37;190935;642615;951299;650870;210279;999978;391541;829237;510768;980735;622132;211310;656720;186535;263466;489417;988239;248966;997855;722246;159098;831902;555856;866973;284363;435103;123123;609702;172466;536364;792910;852655;211819;177600;386321;648698;105592;121410;437502;909042;299951;479034;594193;448315;830837;137993;315415;672735;322265;398329;657510;961725;
Line: 38;560008;227391;741065;889955;190893;947549;396565;618304;544622;121227;631231;539964;790797;208139;826049;709086;766087;721212;424737;571095;454144;633051;726213;215968;254701;637164;335035;306699;407766;143490;189672;252750;597527;700315;761255;787436;972390;725451;791298;325520;882537;398333;215919;922644;454415;711719;306189;431822;292810;306738;439519;953821;325435;318265;705337;208082;282419;338968;339866;408737;633657;469803;379374;416286;290659;962378;219087;449697;
Line: 39;374291;265791;585948;976254;352423;176165;944458;107469;431118;680026;352370;378176;482298;197911;813335;459576;182764;975796;557209;134726;270302;676269;530990;824239;144676;885087;402374;417513;932179;514824;486437;760007;373153;813163;673268;261969;310725;112424;829770;162128;555982;389019;772380;
Line: 40;879903;536800;559131;533133;335600;196636;929254;533746;545743;326061;126433;338449;599551;137452;477854;285077;391293;580982;365361;116159;397996;699426;417316;739159;737884;435949;670149;835062;573051;133093;697144;952031;319976;321468;478670;820168;209703;559999;892816;275864;995848;
Line: 41;238341;389778;143094;263904;562863;451191;841401;630869;958364;173278;981910;940143;303405;748803;999338;773567;776810;903791;432666;403544;241166;367942;580987;306629;696080;104834;334635;880284;130998;922455;943032;935678;365233;215113;740197;234078;948912;271519;386419;732115;112728;620601;900366;302088;896636;676601;149698;397475;458062;288033;240270;140951;558727;491285;494079;922467;455844;118977;734341;708308;678233;915604;102446;378589;950812;668588;615979;930226;541945;171521;539623;505214;147311;998227;181472;429910;691224;781203;646126;680016;621739;156050;172914;118089;399451;954723;162696;285664;331492;304727;449906;170463;382093;718828;607859;110631;698908;840429;584797;542620;730407;543428;655785;847050;273738;972221;641229;397788;484802;147426;586715;573471;302651;555995;620758;
Line: 42;988872;890547;907216;535444;159294;902102;887309;932880;990106;982801;262532;861784;413418;300805;704243;989968;478312;868215;688295;479440;
Line: 43;834703;343782;486093;777750;364479;573868;414840;615018;972262;753577;716072;334000;865156;934577;894601;796946;861603;390175;190588;261576;936074;415103;883513;763248;668673;754152;164821;643308;862568;571294;822667;314612;428953;886674;783050;297501;429186;902675;555626;829916;206834;912266;639623;353888;538521;232906;855538;707270;481812;737529;181672;504398;600800;560461;991060;272254;205627;940602;603983;419744;950866;726803;294012;856872;999504;511102;911397;147862;874209;774295;216628;977718;985628;725340;549133;735198;148666;291147;891300;866896;671988;366552;826435;236872;533452;365629;830722;734185;334743;124922;383924;306737;262143;996848;531295;863982;967242;937168;880042;983333;921267;434332;167716;175533;389843;150444;596994;212766;421135;443692;691613;899962;639667;
Line: 44;691560;474523;890555;120637;772140;252621;684431;577697;441187;801236;252071;700595;241403;604278;929503;924137;360730;408417;359366;836216;232622;579649;312311;740849;790252;775172;903466;740011;323913;836798;303260;220624;879265;441914;719398;514407;425585;905919;657281;357764;417799;416091;449924;
Line: 45;973832;591012;785170;855686;889696;501943;748012;829579;618725;762976;138840;836963;548520;395304;324664;539276;719387;397625;229648;165592;141469;709467;173762;835630;984240;437150;323909;316225;131682;223118;730556;389305;519217;978541;684772;350161;194329;266376;545443;873638;771835;117482;454566;882831;286882;385923;779676;929994;784004;301238;896780;352575;118948;255272;254646;998643;591487;369044;641804;525446;372064;521167;211372;962439;932872;283524;405580;595831;244834;902139;361844;675572;255977;781643;675297;867641;523809;380232;438857;174636;134553;198703;381275;
Line: 46;905497;951912;975981;194308;733191;843927;299181;533061;319886;429186;874301;234875;583319;631110;751707;611142;230886;506928;337578;653898;758180;792874;503862;692226;314067;737441;882453;179263;259677;432050;371014;
Line: 47;437088;578274;655360;265896;254989;188670;883823;740978;593214;404289;612768;943394;825830;626126;679203;929967;563296;700024;446397;926856;218256;964981;711461;760568;406625;673336;260061;588158;505907;417956;702741;504388;406036;456365;829758;309959;404569;104620;576931;409381;217651;484822;903666;469687;300955;149278;946155;311866;800668;871616;123678;525782;683592;290594;544009;996305;327571;215840;175114;303451;588699;856448;424659;612609;700150;713133;596253;502212;198959;282551;671970;385735;121743;558430;304331;572483;258065;878332;787783;777335;501062;757113;819635;433491;188931;568612;753485;984230;188014;585584;194345;129754;628470;764583;884029;483479;366902;267279;177753;748414;
Line: 48;442599;618522;658791;
Line: 49;855123;774513;244681;203880;734312;216537;268062;298649;536462;677547;547654;161157;456646;554280;336799;917002;301474;682263;243783;511629;135148;939766;987188;602582;641074;213715;460242;615696;799208;491125;837585;545271;865340;723349;495474;976008;252689;747197;832183;505377;258465;236979;469176;449083;548457;204547;185634;219426;511253;460626;588993;376617;120347;500041;252378;766459;997179;375867;356176;874363;951068;
Line: 50;855448;245219;283022;881336;357483;841481;179574;946971;834530;837628;390093;262006;515578;878233;576399;212542;398026;458937;647071;992912;595202;424938;740493;684870;388888;919943;600456;908935;887371;460052;796057;925538;999006;851669;173669;497301;318882;820286;192906;310589;891891;367879;790805;694433;259373;330629;438860;767979;618437;565847;606049;893794;923223;957198;617701;613722;935517;990742;604788;796362;888543;320767;771184;430861;362188;214045;767416;960380;580530;333904;548646;660403;133261;401360;811863;732022;891445;549577;552705;498373;635009;770047;455849;563610;934491;834137;534577;718109;632769;162026;664896;651031;953842;402560;517529;661956;925223;382180;377093;646983;438097;278844;351970;571486;785096;377719;520648;931709;609432;269449;630715;850390;971064;358914;365237;747838;885695;662666;
Line: 51;879187;320615;986584;273153;430989;737733;191820;470185;225884;158651;976724;841292;792772;589195;925178;553458;821727;381567;297677;349980;137832;131098;370470;484029;796193;101608;160222;759650;421566;748403;806902;447373;590353;661241;225984;321400;980169;980878;382557;973199;792748;952322;884552;592437;789632;265507;940076;870282;166929;399813;674692;972428;735350;332719;258506;149589;764792;894838;750051;901762;298968;153693;524201;289191;244842;986805;614737;387765;394113;361009;268685;719514;339548;169403;179176;549847;907642;889913;236341;532408;340911;720200;911615;699631;628067;112456;769842;242574;498388;178642;885697;397055;267774;361781;926197;454856;848326;172189;349454;748480;510693;668813;761310;815910;119026;825380;466154;337805;742051;958623;
Line: 52;153774;480597;611566;602356;306615;741856;778738;100976;733849;733724;132104;663584;924378;648744;156652;964834;884807;356512;432755;803005;114692;125837;508805;431015;972945;153514;192064;953504;128619;585249;148302;518562;228492;
Line: 53;841484;158538;881108;152879;763639;763396;852402;608432;102012;402173;991519;980139;965686;843402;957126;137735;547097;963683;794286;134248;925211;775143;419897;353778;626592;147108;910698;323737;948204;345107;752034;945927;611509;761162;997852;440811;461257;563371;112786;692379;344355;649873;815770;827197;504289;252572;121224;860565;104797;199361;578696;795129;452848;910083;844706;962874;825432;471128;481607;360106;617294;806268;167427;736854;117436;937263;417929;367063;991094;906733;467563;844016;590832;617949;229490;816601;145520;431434;556538;406392;379175;346653;154726;122904;292997;588557;558914;524986;803390;513410;466145;
Line: 54;466383;146043;836439;649246;634552;561575;413068;678005;486433;928664;584741;991725;640354;438434;410678;295956;814723;153527;156218;107037;925048;825075;841363;602943;714287;741902;587608;379281;797609;995902;959400;924105;965253;770272;335775;187047;327890;583187;714968;133186;507719;848480;250219;340169;275547;947039;438534;618260;909152;937877;135822;407339;901481;276204;751595;832283;378574;647359;184358;378752;396575;170057;794824;985099;674790;170177;978269;832894;187485;277203;289611;758561;980936;149415;495226;401635;304260;991064;374027;551376;742604;785034;267005;352759;619541;227840;179227;885349;391817;720355;671164;234070;594122;237246;737297;229644;804108;970892;659070;248219;288625;121408;136578;724708;760988;483410;348767;152387;226063;362305;965462;912503;915045;738102;636212;
Line: 55;615051;883163;910696;704681;479957;131788;503392;182428;668435;494170;601191;845350;992681;505004;126840;198345;777107;397919;913368;950058;220077;700894;115056;414009;623756;254967;879047;427655;907239;868781;928367;364479;946343;734897;361892;516654;789800;950315;459720;981388;686054;603266;193439;492748;717471;411081;579941;302584;379489;919853;784714;229110;461079;205571;375967;359755;379869;348575;454456;816125;600377;988396;835568;863177;717017;904465;339968;572199;314892;809635;957074;527733;630877;488120;481600;202266;925057;257214;587627;109336;538346;982985;696896;485658;955928;734207;318467;545898;418169;615879;285401;399967;220709;683935;690774;621986;523686;706157;730162;212529;946397;200774;490575;601312;658165;453880;486928;
Line: 56;488765;389549;436238;496184;772522;442405;877061;551015;108992;261411;787065;768074;470164;655771;925191;538459;509169;479084;526502;878431;628738;636281;607610;759860;948981;989371;598478;333886;673545;632657;702433;435676;990795;505820;400387;794993;562386;114181;257539;967232;545452;629423;361246;842633;566602;151191;117307;587584;416005;520262;258513;421241;258087;187330;474164;533134;361686;657965;252111;702980;137017;653945;435954;492649;929350;253888;139157;642007;560083;602021;625157;915321;224682;102899;657919;712984;953981;452037;150961;284496;420409;387656;994505;252951;723924;387139;220206;888740;323812;273275;370821;250725;791952;
Line: 57;778220;846850;950768;955276;117287;252950;424793;448929;195559;768480;878626;548696;158853;780946;436050;983076;141667;556999;675145;931256;267808;377496;672476;263046;911469;786241;825792;978490;461912;927713;619101;326381;595921;807769;306646;353702;551367;923118;482977;813866;912520;370315;475179;440655;863123;663091;
Line: 58;376857;236805;958015;276176;931891;996069;412810;556758;731054;500850;579091;485077;710553;885589;661836;615598;507101;849769;261627;735974;188612;581026;352482;913638;473413;672261;238062;306564;689390;764547;872097;609532;531615;
Line: 59;925056;357300;287263;864949;428422;134323;609986;565225;630362;147009;142444;844897;552141;998961;705296;137570;143348;672259;493723;365129;795780;258573;948429;172770;290809;602715;797070;954132;223091;618235;994187;897632;364702;209768;722983;836812;208058;690022;960650;667270;153465;410704;750467;200661;587675;336100;968505;362287;433534;475658;420549;702962;337623;457625;155711;988114;602719;869648;637207;347512;664999;214215;767919;217513;462068;826923;428605;384416;537233;283756;649999;142274;777873;
Line: 60;406536;611434;991330;297319;889108;925107;180434;690106;186944;180428;592582;408939;684656;267757;581255;452847;659437;537390;636894;985035;345576;836344;215281;573823;
Line: 61;149605;215853;923226;240286;109956;439842;538977;895459;598432;188695;735317;849735;343508;446918;525440;550631;641236;230295;554213;298917;960878;170399;225643;519310;970980;349342;549534;367255;719335;394950;981872;618707;327003;495811;661693;703232;311282;998136;153557;357221;735478;201901;389199;793676;794325;282451;164538;707742;283093;425560;488957;663069;665685;378878;902586;633070;652449;990751;574331;503291;921963;528637;168448;376332;172698;743583;320727;559180;670281;774750;
Line: 62;354275;963942;568469;513471;120291;281816;120064;595437;916348;478898;633434;397741;994263;503732;433383;677833;357447;970358;558719;615325;362172;570534;610335;881533;497220;437944;627831;537965;441256;380862;820629;199453;563820;832684;585161;632054;505420;330730;898329;968469;844999;222927;889327;914455;938893;719236;556796;288518;894434;650102;716379;284203;623445;167756;334938;769340;706173;627842;731993;839859;684534;818630;606396;727135;895092;862996;876820;817277;846795;404371;708328;678389;846257;702032;734109;507556;974250;103393;471409;203138;321078;831352;373750;739943;795627;623297;357709;874945;333146;985038;691886;739437;940188;577701;238068;579840;231646;538541;690226;593889;534448;647666;665627;771499;755232;191826;164195;290329;335185;143696;827149;734929;544265;470498;294083;105315;799118;709358;178763;855914;
Line: 63;198413;258305;159054;914661;632521;197786;218502;798642;120295;812938;768062;246123;355231;207253;177785;713115;877879;806653;956135;565768;398247;354798;580244;980500;968091;725208;808389;974108;141239;752528;728931;377966;536773;584615;978141;433817;724681;409532;315739;155130;886490;417145;981389;267682;264440;713660;268037;415716;601907;119298;838669;295951;395079;444220;981933;560699;221278;155884;949038;513486;182901;122228;139428;505815;607543;339352;705969;632107;474734;429854;631729;511336;197555;428511;189896;838522;573485;355704;635987;386998;132965;215788;497211;143224;856468;947577;217724;859970;401254;597144;290440;620756;877536;979347;556214;218761;940453;
Line: 64;779393;866728;719009;763588;915090;270946;
Line: 65;820026;968040;921980;984448;866617;505429;777609;763635;715723;326883;639278;648254;707561;913596;452397;655692;488644;175581;692942;303132;448107;491105;338061;796238;934693;
Line: 66;356781;571432;804583;228762;198391;171637;830850;537715;800743;971367;138982;362355;388425;331223;819743;193899;381665;254151;110606;482165;290831;836194;430011;968764;128499;353043;794941;843550;831339;600320;751602;409921;947431;110338;601418;100880;811134;400966;310162;922257;397263;273299;346697;212081;419077;263945;709628;195823;710456;975068;265121;686059;311667;950726;137189;622109;360224;141548;562962;570263;173619;101508;749745;408466;199072;590289;148132;700658;896953;812670;386010;425444;519161;512390;991958;761375;341490;252120;473390;
Line: 67;709904;753427;604702;326296;764637;841063;123789;667056;813167;434424;331438;679848;333361;355682;637476;905993;901480;378893;699941;839264;756227;327280;759154;635506;729641;736940;277225;325586;298418;344366;155374;187909;535102;122473;316367;755665;167591;985229;907435;730872;487539;204510;600264;352433;283496;534490;638907;518612;112981;118615;913964;895703;269223;562172;821918;154124;142899;389468;302196;960776;126979;568783;931358;722224;463645;280597;893765;817105;686281;824937;641113;478154;666624;612274;799436;484295;537463;359036;981502;501538;924604;913598;414942;567693;788377;671511;102036;
Line: 68;244535;699780;785780;420846;407189;779151;208645;175256;172288;490648;815411;107084;239149;918035;169515;877330;649688;211377;323520;257491;710240;
Line: 69;708680;221858;149245;941478;885964;447544;955583;511185;731498;840036;736959;903037;213072;539665;135500;726119;451165;180120;938608;204252;347901;663974;127113;815941;210392;292169;909890;279244;691129;234486;904384;554194;317407;956272;535827;390199;184190;223038;844477;428754;240402;288991;109805;982818;807321;538201;923331;353397;229572;187797;867663;511127;274137;781436;288347;766091;560899;698278;177191;472627;729395;277780;621062;267523;120799;913860;708458;319832;181571;703308;927719;378388;775795;842828;935341;139188;226907;456646;620607;318947;796341;702396;243654;413399;846550;746794;178071;939375;428941;624609;846266;108169;983438;394542;596090;254407;635714;383824;630595;849389;430573;669717;369286;160808;545529;780550;988874;881765;587312;311549;664291;941173;285865;441407;806582;
Line: 70;965321;704418;773337;882581;789524;919967;209412;567979;250843;906234;360964;563608;495353;808251;994200;468642;154899;251733;941747;788231;787100;293636;794170;747786;608089;377944;151923;470117;739553;920949;753910;695587;281607;544099;502807;995836;666100;844504;814459;730189;441129;143242;528898;420492;886860;479860;133903;974935;465214;927814;368557;674304;361504;390043;593852;445171;584843;
Line: 71;940151;783644;955929;466031;767224;560648;625759;914430;401546;635048;836917;686235;347683;724526;860225;464504;805859;435724;313913;364761;166160;935006;499863;351285;291338;149056;472076;223213;244822;520594;386196;505536;368268;708639;365729;145803;363892;315030;460551;861184;490804;939347;566364;102531;641710;512876;819942;102141;926602;538955;384329;250207;753416;171799;990599;901213;962163;798828;608346;946076;238661;952547;375763;898380;406749;367194;431997;933808;773725;812651;359394;190696;882800;683525;861320;286629;708431;494853;672442;531084;915704;837518;122655;517348;293262;876283;853303;458292;660843;531223;114881;790053;247048;
Line: 72;759123;705270;830783;347805;875185;193241;840635;290735;609568;258236;410509;455479;752503;959136;796913;538360;369715;563702;673599;900116;407771;538983;932598;844267;303706;505716;737214;565043;885135;269061;592163;892495;255795;100591;718808;201556;623250;987196;349298;319130;840436;481393;882447;758654;100815;284529;376303;135164;948050;569434;687616;165516;535485;902317;306790;438218;598112;955062;978418;945234;380296;408515;342101;604160;396208;534992;176052;763317;786749;913926;876813;274624;776675;478452;762456;339478;828691;412664;843746;581453;837508;619415;268011;376237;406130;456714;603834;774074;399123;597168;601191;782823;173134;299335;131280;940827;143671;292503;483059;397931;658943;967094;569361;140261;316492;631773;774487;139814;276449;645276;357288;183408;496393;656106;509004;137244;
Line: 73;786450;753513;333064;466358;478012;369148;519861;316847;276948;705855;811076;641352;172672;869232;471409;240886;221028;843866;829660;
Line: 74;176171;732389;274389;983631;727483;593792;487771;970729;887925;274812;499641;500769;108467;541557;798524;472179;299588;435067;819368;238913;825291;794124;838698;284248;397693;911364;247118;291531;640973;714657;236327;711688;912292;194690;833246;895358;764294;231845;137405;878727;608871;510689;869357;286439;895128;448807;517711;542410;445790;208175;780267;759933;805816;601939;930770;816153;444530;457175;106975;802822;418347;345124;307974;685148;344995;244387;209179;893675;462106;359668;651866;820261;843158;678955;540844;388592;621969;815370;788622;322065;633288;246433;877334;937479;411496;
Line: 75;770720;151639;902051;673845;497636;
Line: 76;130994;324385;845836;229794;346729;993727;850178;853896;395215;208027;732967;811341;914839;820035;455762;319156;740456;329785;671808;966063;587405;773820;726133;534947;745826;434855;536388;723022;153155;821553;201691;765670;128439;268936;728986;159835;745914;213993;836867;425955;797316;308144;695344;643583;642442;238492;686675;945173;575736;143177;127193;154960;943000;422620;672959;915396;926825;568126;943098;952337;281902;652007;233851;191959;842140;349321;263652;
Line: 77;340318;290291;984949;940754;578008;474605;822025;468684;958590;914066;845741;151395;449391;108420;675889;835664;770345;600707;909782;760405;816047;203104;811722;448311;605640;331983;762142;353556;620743;341788;157534;525508;835434;101334;472644;
Line: 78;164296;713273;844994;707896;254637;337704;718403;427879;527194;644299;887011;387159;726003;183829;814185;113912;372577;639569;261747;928337;432133;591861;954098;408832;990336;704947;719118;266792;207865;624226;793134;940090;967099;
Line: 79;550758;386493;850294;772598;222082;482591;791862;324667;189497;711233;128708;332893;314307;151069;132040;652315;529342;165442;241696;399155;847947;624742;439703;281434;381996;286222;693698;864249;932002;298390;572750;409516;610913;193251;388257;740221;489863;578996;340809;892608;208921;548194;560243;536251;578785;472084;110605;661561;410423;560265;394315;257054;748809;626914;130576;524569;754180;219575;801883;309647;869672;
Line: 80;759501;456384;937710;364914;553839;231361;679196;898660;508901;799594;929312;617596;691323;276987;431693;221072;733984;828365;128720;838026;961785;327952;849883;574753;832892;950018;192418;286613;152613;711412;808854;454821;
Line: 81;644864;164626;595671;719595;742154;405578;128850;116208;669648;679968;883960;332465;925198;192486;329902;391441;275027;928843;570501;884831;581989;178638;761534;985046;212451;201512;469299;940706;888069;626985;808901;522932;930848;751923;171627;814954;135123;601250;575125;840762;888502;847274;747500;209878;655281;340941;
Line: 82;414794;130507;394350;422992;955242;270579;268009;539501;379143;107202;358635;815025;623977;755461;453666;372291;914249;833964;817219;130276;820847;325212;998886;898938;216306;317758;911517;359841;166332;388220;407097;531418;382419;500829;590812;826303;722998;324953;952583;169966;471253;796931;662644;164833;136623;181532;573109;652140;423947;120486;591055;244974;489336;790818;540285;780236;155051;634050;908705;364746;287043;958870;786198;571237;848254;
Line: 83;233879;873710;128399;579686;889795;198408;416666;763285;508400;506635;627599;766117;651574;618694;512434;611246;997459;734411;188242;409832;710065;405051;395429;993200;517382;963835;450551;508239;278632;627863;895801;392892;582349;142934;459196;821240;
Line: 84;154564;
Line: 85;583555;586083;753441;423998;645722;989816;861638;256061;114540;659512;597083;170774;420669;994348;178103;274848;119384;170441;307310;104596;200778;154876;804646;417136;595706;756231;743116;132715;261493;968244;177535;571182;632336;505507;646576;319428;323314;400517;771452;538624;984044;329918;670767;970161;408304;864458;660396;727443;419284;591948;309678;967002;266665;345434;480780;816903;891330;479812;
Line: 86;602990;836278;379300;165877;954244;808193;245440;383908;987396;623101;610739;445752;367871;901720;346567;616991;419275;815311;185608;931815;206832;621258;758951;990471;951549;769087;355781;330142;541329;102272;349727;386839;792892;828917;200015;952704;584038;485312;927916;473064;619679;870322;989356;120641;617005;985727;113102;630509;795265;277894;750596;778724;733872;339492;588300;439970;918858;796529;406303;965146;732218;575568;528021;978505;751255;
Line: 87;794923;305781;315758;490170;417554;909662;889710;896028;699499;727055;791185;623332;504487;673771;889185;386922;838492;406565;669408;363163;248463;409930;852267;580057;997237;905588;305962;428194;560216;866324;135009;254694;203553;852624;340340;803188;845877;580523;540953;566871;176000;172112;519035;
Line: 88;197572;836399;900621;773968;798329;377454;312032;470601;596343;429299;758713;235603;898618;172495;257542;417470;318383;296116;516304;253736;736618;230600;494719;285392;160621;491901;900283;439887;127827;645460;369144;326398;326660;119656;357320;722342;757799;872779;520832;168447;239092;244943;894604;531252;765211;506971;989530;236477;269198;151957;714642;424507;497211;362017;797076;230077;100058;922706;816366;842279;765534;850621;191570;258122;364073;845923;759823;103123;356941;280799;663149;
Line: 89;920930;687366;416706;279525;676464;414046;766099;434463;167020;178149;454007;115801;426989;754233;407100;939463;892311;602721;823036;276209;353692;161345;384348;616788;525718;693166;351087;536200;506833;309238;387331;113443;534962;261439;758017;254667;601437;331524;692018;962252;671948;126193;644991;190109;777374;124741;411236;326360;679668;615828;327674;348575;288341;302951;684988;803851;801655;254413;811121;476303;873284;
Line: 90;720486;617874;759989;962113;228647;134929;188756;823828;916666;842660;692892;226762;291924;922159;505735;951278;532944;840821;567901;428232;424588;125801;499423;958678;986983;112337;211661;922228;676610;424040;285525;306204;891235;680595;522332;815150;541697;169853;581543;100850;663026;765898;355640;986675;825004;122447;496587;746916;567946;421809;900582;441683;633394;613621;478229;101035;581312;
Line: 91;785801;298177;685545;261932;969900;150898;777469;312207;482642;142842;964139;372562;157365;761801;281698;509988;595921;510868;757423;485778;707778;660160;244487;773853;458397;271695;362389;461866;529837;848143;322943;195976;969986;427308;346854;415447;408558;468544;879099;311582;547722;854734;792694;837039;393172;
Line: 92;829896;186169;277476;149367;467501;964792;241679;800048;208585;568711;383466;850773;596935;894245;550555;545087;522338;211213;956550;957619;135029;539035;523144;628169;715813;980026;307336;563347;254708;480417;255241;516985;275454;809311;735119;469259;905809;968509;341382;286250;534285;572027;228657;456635;412837;963134;830362;770263;861956;768856;139808;624531;309754;227167;883492;918855;149827;160439;596035;424899;734038;510261;
Line: 93;600847;725833;593322;642808;151670;727302;285857;411885;224158;358914;894994;531903;865433;914719;229358;380349;466722;537758;738426;196625;760364;860536;850364;241313;237336;933642;501472;779964;605032;721923;916854;484542;210586;582120;471558;106709;513731;848447;134211;566287;604994;443335;271013;215518;229976;399408;766980;885162;998525;425710;503470;291984;928807;776334;416237;988889;300593;382796;746690;768686;469530;992869;790482;990424;624707;418035;842236;483263;355555;229350;832928;796976;130901;557200;957353;510516;582955;544307;393083;980441;632084;973287;
Line: 94;609552;184389;240184;355522;342765;183454;573620;748731;551992;800043;105525;663722;754753;499116;983935;338842;822253;932209;880888;601878;371825;765040;689204;361810;105922;265161;220778;522556;655263;942510;315976;696780;707245;356956;348836;833110;652439;981191;665987;408466;861724;834811;928560;578723;814551;585970;535815;225542;834869;350684;496835;884985;155379;806694;682341;894371;423095;978712;332522;747879;479584;844966;718784;308480;797793;561141;357372;784089;134052;797119;
Line: 95;639161;458584;934387;291547;179493;460816;577522;489315;917592;486776;791872;610995;198758;655050;791359;994154;243871;315039;665275;778952;843910;
Line: 96;751010;842737;123344;554313;930836;548844;874775;929083;
Line: 97;224102;955634;843958;972355;460838;829184;403460;674971;498724;526748;716180;657535;579323;805829;292307;615844;981991;779651;890722;109286;343579;297667;900581;649943;836384;563716;840865;278665;828900;388748;288038;437596;282111;888418;396726;751060;140446;752376;761253;682310;960981;831674;776892;442279;787064;313486;198864;488370;113262;278225;664392;766176;407384;763116;838532;215159;452306;688436;268030;280461;445411;637887;879141;747360;246695;722919;435083;642325;997918;302368;176761;225168;344682;873358;306399;730527;680875;597208;237879;303666;300687;874933;829894;115591;787204;640953;538410;935491;
Line: 98;900741;973466;884731;633102;498407;622027;695942;711762;663579;703352;653173;915221;253452;556292;994668;844081;675515;718927;418492;625956;749202;650137;143068;362553;240607;859985;739616;299105;683394;661184;371557;255459;481178;227483;447135;283179;271891;746432;715829;316293;223032;483802;616557;964618;318210;334832;216265;758097;690004;523508;561148;388178;151938;325249;999615;607968;983226;630650;725997;246764;823955;738346;137111;366527;745517;263603;589955;837962;371328;575887;798136;442089;536269;833467;607075;909544;589791;565991;543597;594315;567232;767046;344204;541214;876682;697838;328148;447116;474579;970423;496365;934848;832240;874358;605391;455554;327657;334129;486569;610508;232145;636406;655203;236526;599794;745956;681693;330491;509200;436941;377334;397994;851568;802386;481075;498665;407033;868730;420407;
Line: 99;701927;834695;859458;207390;293726;974090;340461;417820;587540;690713;370926;129247;148247;590179;108195;860314;935785;738275;845476;875880;757582;208362;609027;906064;401753;581377;534859;371193;787458;151152;805128;889238;344657;105041;389341;311171;614548;195263;253565;376659;444057;489918;772012;507602;633047;994263;599696;960246;281258;362643;342298;637947;873507;779377;789949;426137;336307;472940;965304;348645;896825;841917;773143;860236;575950;813526;228633;584100;951283;225890;784473;374962;432961;423790;173331;238626;205505;784275;631308;466952;602222;443303;770577;453615;
Line: 100;777499;924950;940508;103944;406135;900784;307184;646944;417616;327476;456523;289435;492028;116729;268587;665736;686718;207825;291677;689779;175420;997372;314629;601159;383081;426251;117655;632840;138347;423989;530379;228105;173570;791301;935157;978979;138227;635270;541422;906095;155814;458440;822462;550852;146554;943017;649927;204725;158670;364483;883319;957715;599512;515081;571801;508167;534489;516956;303926;439594;526525;557194;897180;636611;521701;382541;153757;781736;647750;750307;921540;947566;481234;943736;690016;274711;756552;325109;219680;404869;
Line: 101;917878;550469;820568;727950;880341;
Line: 102;328333;461939;557668;144432;810439;319063;176558;280288;961899;924218;577328;976675;523965;352578;561978;275426;623191;136957;173549;964000;225952;899233;112058;864044;222367;200151;135356;429280;160639;400362;489434;936625;863151;752198;162039;382698;168966;796485;955877;604176;463940;521597;433283;124975;479245;552988;392886;495797;961880;980607;600648;532334;946609;898884;612582;777240;987788;629372;394525;707980;741640;419690;865524;287745;424834;164045;865728;209854;713563;170421;677099;917406;288847;307412;105841;389426;978399;299727;469121;972334;493158;405545;915483;401298;907464;901185;448289;199887;
Line: 103;718981;414606;768379;816605;232754;268121;671232;272352;761969;213998;612393;381573;770429;396044;543501;861150;668272;392095;984502;729901;487080;942235;448804;795699;187058;146280;855787;284710;972525;231894;182381;160231;937395;312779;452366;760803;335820;127560;487135;372467;674857;474315;744923;338455;255809;133131;656825;401089;948762;699646;727388;765288;970934;336212;905196;570862;253554;184143;644560;461613;524319;170449;673279;543301;802855;585529;653422;829642;405162;904471;472161;785767;579686;473944;827922;991946;152422;189098;683469;866892;141389;840452;541983;509571;611845;519445;864845;741224;782753;433147;890502;155171;662327;593559;632670;610961;585866;414995;533116;941585;352636;874250;719305;577701;510213;262547;770492;931219;214502;885726;327119;622068;501519;349671;787903;376641;243106;201703;626563;
Line: 104;922874;785441;225869;767770;460965;906610;170560;662400;536642;700320;362613;686057;706239;536535;622479;554618;490670;599781;818110;591042;211477;731559;919943;827685;587319;729515;614488;989685;463813;356111;521765;630158;438832;321341;952550;263852;662624;568988;210249;324888;337540;113993;989178;456357;515680;949677;846137;824796;494451;867896;625387;740942;139784;212630;698468;359659;224702;718090;239804;826591;556930;866115;296605;236798;683425;734428;127316;771569;401990;297302;576708;783559;580510;383202;827677;107566;882946;490213;119909;384482;627807;809332;353817;299361;659682;408182;204455;851039;297263;783252;
Line: 105;390362;332355;997459;519095;986841;393530;981650;672074;209444;455352;793609;109962;936197;869531;996181;277084;539461;617864;837338;358227;528925;638536;689316;194535;672821;157074;931391;710786;259291;961225;641449;551538;304522;394990;995158;611243;261988;711288;258415;209122;338034;414929;798635;603464;973022;848053;433554;961984;104418;218676;582379;304954;388410;549674;783461;116068;420078;130320;795088;172333;158583;985376;601568;978752;533532;837803;305468;706176;581371;530302;298690;821405;636588;588177;769998;167479;781472;551441;324685;699076;240330;677594;763264;203013;789299;618187;190364;737089;
Line: 106;902053;402483;201844;657072;916016;433788;519294;728193;159898;522861;130272;975084;166824;700100;137765;504707;522110;485429;317459;375993;984413;829028;388679;528514;711378;724001;389019;240056;618661;369202;824173;692163;255997;162886;670822;939187;166894;263423;894918;796063;709579;461996;610286;282726;755950;774024;643197;789006;452616;470998;687423;552820;423483;742470;331232;276619;516894;499146;112902;142294;251998;802331;414549;423134;398783;232431;835398;932916;634150;789771;795127;796863;852417;454693;705482;676929;272807;720693;314102;134771;278774;954333;268336;169763;844404;528682;368801;326540;351685;723275;182542;326801;679101;282882;563856;543509;746767;479798;687216;502089;636259;129963;631177;162887;864316;571905;364762;611896;578747;329290;578545;562622;562168;
Line: 107;671490;850996;174606;175465;251584;587325;
Line: 108;965460;433391;214579;879568;227362;618893;510636;837840;676936;729309;663666;778968;787808;315081;744416;949583;870691;308790;596936;
Line: 109;603043;101500;670173;151206;826957;616880;216835;970642;876099;229412;493088;801034;988741;123112;202877;535387;113246;215377;244057;768255;914784;176977;530020;145241;647643;863614;
Line: 110;383987;966187;737128;195001;486562;209327;495114;758689;330435;108307;546582;
Line: 111;420623;635690;968254;585915;709153;434594;351196;576231;439622;341582;600696;864678;954434;443999;783670;776222;810202;393179;827316;792487;482834;728582;260359;646216;707988;254758;553954;984751;194856;952991;263137;218045;371665;902516;991721;723780;669797;532413;403600;642493;430106;824582;781660;258920;319787;340670;991863;132328;881069;351351;144495;708203;594027;305088;457220;516420;624984;285296;615263;636913;349245;569778;392924;192848;482330;824380;647570;313450;427383;633971;622372;793871;
Line: 112;698223;197260;567882;106532;997048;208936;200661;362104;261162;620233;503587;616135;366913;756726;570698;997897;811335;844215;337362;532465;
Line: 113;474544;865693;600062;729949;899208;568397;495400;372903;100281;292960;622156;959845;716415;601505;712508;737267;608052;598102;944549;167534;330387;174995;141460;781233;745307;771916;375448;657809;644168;868579;166784;512436;872194;459405;663637;435110;542195;691709;511978;249173;900444;683782;976461;130748;760735;177727;552990;958063;154039;623368;621569;640154;850598;834225;524100;408167;898927;204258;115922;839283;991917;424999;932191;923211;414050;496665;830595;474314;845750;
Line: 114;520452;638547;800958;427817;964878;943787;452266;186645;547511;694502;254267;249301;228194;517322;310287;328932;873021;722750;840221;821759;633361;560053;697949;189674;565714;207346;555644;604799;929690;856921;519251;176315;674934;127068;664528;565038;429458;155974;686248;179677;731673;410698;134524;440155;306259;274800;171666;788036;570119;661900;520619;621843;568753;639245;991698;235926;385733;135315;768245;745558;138325;948555;803745;788053;270870;
Line: 115;333092;699952;484175;186074;628871;683719;693964;615540;439900;993876;894347;219657;533741;192134;213287;696398;727478;543853;686226;860912;431797;154014;441301;114599;452232;969906;484997;477443;888445;409862;600617;378936;147457;612627;323608;277201;840025;
Line: 116;237579;703410;760664;409391;642729;709117;161312;368907;984483;827855;216210;792594;794237;249131;841330;802793;286456;642913;175481;497804;676737;765770;752239;911559;834001;925999;891920;294732;556641;484418;321054;469778;267230;
Line: 117;983142;478893;653306;794410;338978;813533;642795;610689;267408;986859;491765;268098;868092;886370;879541;686425;436738;622997;951552;786021;630191;175036;423889;183590;363906;210574;465148;487333;987515;860426;300968;652580;165594;305124;444552;689617;850146;834098;542508;299094;468979;532973;139503;147233;569838;955769;407517;682982;654001;642797;955866;642333;705049;652172;836751;381218;968586;883126;887686;427697;666925;282668;706995;846627;139099;443663;441450;865516;681027;122001;276170;419015;123273;123321;256048;531269;824538;435589;235282;370328;177896;312869;546960;
Line: 118;123741;147743;308229;290505;438516;905071;128189;172004;721520;828201;665484;845642;333428;970208;190442;468434;749646;447370;642660;665119;779206;759888;239092;155358;265630;275663;279987;439331;430059;727018;820419;501022;738888;827330;523705;534658;778261;574829;889657;599085;396006;774162;855393;257324;927926;672863;399363;464090;559845;379470;540252;822770;889397;302792;911616;845160;542277;427722;910352;812204;966515;921968;862565;352052;275303;450232;923863;122941;334023;357598;332847;612707;390314;272286;966283;744204;827389;969424;702385;706447;480282;132110;384684;115000;592291;143819;993077;141949;104619;247051;570982;
Line: 119;266052;107157;127904;174143;121494;927375;435258;410146;488273;471386;159967;679172;357356;963074;135131;139368;362946;149663;349959;831557;648442;334060;352219;374481;419291;404958;995604;352704;814025;919150;831684;359470;343606;119513;141568;124897;746170;904222;325883;281068;879378;698050;723364;289912;225774;414944;308152;287178;617934;442613;923755;476409;999637;124455;647721;440499;226885;761938;145187;725211;378350;911397;861782;289018;788636;903243;126753;106652;939747;268683;985734;559978;246229;419323;759219;149091;847697;288396;827612;708993;278780;908851;276607;622777;621009;873207;197711;680926;153776;592762;727869;648159;312188;649705;229436;164189;228506;714620;957162;322830;880845;384025;732378;545093;197873;677860;946235;986198;371498;325171;443643;593898;810876;
Line: 120;197448;666067;930535;226416;968441;539193;903011;251241;960937;376237;622124;220184;125957;612260;716860;151764;334447;259284;927801;946785;241517;168050;208139;163265;489331;793646;739540;662412;451063;114419;159465;189957;801257;209166;981035;776780;808956;806262;649109;765530;689115;180233;116991;895799;315123;386190;647005;109430;